18199165470
cjyCJG631
Seldon
1
18199165470
18999190835
Cjg7756357
Cloud
1
18999190835
18160543891
Cjg7756357
Sunny
1
18199165470
15904726785
Lyx5201314
MYZ
0
13122222222
TTTTTttttt22
ffddrs
0
13139621311
cjyCJG631
sunny
0
18999999999
Subtest123
testforsubscribe
1
18199165470



0



0



0



0



0



0



0



0



0



0



0



0



0



0



0



0



0



0



0



0



0



0



0



0



0



0



0



0



0



0



0



0



0



0



0



0



0



0



0



0



0



0



0



0



0



0



0



0



0



0



0



0



0



0



0



0



0



0



0



0



0



0



0



0



0



0



0



0



0



0



0



0



0



0



0



0



0



0



0



0



0



0



0



0



0



0



0



0



0



0



0



0



0



0



0



0



0



0



0



0



0



0



0



0



0



0



0



0



0



0



0



0



0



0



0



0



0



0



0



0



0



0



0



0



0



0



0



0



0



0



0



0



0



0



0



0



0



0



0



0



0



0



0



0



0



0



0



0



0



0



0



0



0



0



0



0



0



0



0



0



0



0



0



0



0



0



0



0



0



0



0



0



0



0



0



0



0



0



0



0



0



0



0



0



0



0



0



0



0



0



0



0



0
